-9.861105487553877280e-01
-1.000000000000000000e+00
-2.965915104492460874e-01
6.652371224289176377e-01
4.429616968222648277e-01
-3.624188576059280131e-01
-4.557270535934245248e-01
1.275167811455236999e-01
3.888403681351114693e-01
2.965656816824390959e-02
-2.866124513885155989e-01
-1.160763322233534095e-01
1.805318943719065872e-01
1.473273956560538778e-01
-8.950905728168340181e-02
-1.414526140421012990e-01
2.206838767777389090e-02
1.149803704938344440e-01
2.068548148441229362e-02
-8.086508560157670833e-02
-4.213594762301978852e-02
4.787415029329764038e-02
4.772055248227539265e-02
-2.091460065539153465e-02
-4.318297755590069786e-02
1.852147762211567251e-03
3.350824310068696577e-02
9.517459840591338538e-03
-2.242817169151169535e-02
-1.456699290250255616e-02
1.233857242351246893e-02
1.512385769548404806e-02
-4.468971504254142316e-03
-1.298149527575953588e-02
-8.287004597015927955e-04
9.621237644142849668e-03
3.769420358388972034e-03
-6.101701481683640196e-03
-4.862263019082310733e-03
3.063486488529408580e-03
4.704060683345419672e-03
-8.000535186036529739e-04
-3.845294539140159569e-03
-6.445287671161452434e-04
2.719788152641165659e-03
1.378173267652872853e-03
-1.622906484739302648e-03
-1.579439984688992210e-03
7.214714833103427066e-04
1.438795528291193218e-03
-8.047573644588560185e-05
-1.122567262383645939e-03
-3.048061202632512570e-04
7.559505828021515069e-04
4.788072615213933387e-04
-4.198487946657281956e-04
-5.017711466439040823e-04
1.562593899857499474e-04
4.332990442970753391e-04
2.225577774243243695e-05
-3.229024339988020853e-04
-1.222731556656770442e-04
2.061626984604571103e-04
1.604087022234325464e-04
-1.047724996158035278e-04
-1.563983711090867956e-04
2.882411201994912705e-05
1.285719847045150980e-04
1.997073410221664763e-05
-9.145461283051136260e-05
-4.504511442967133186e-05
5.499423249724609428e-05
5.225947324668988518e-05
-2.485952176612904815e-05
-4.792814157229933369e-05
3.310422747339493060e-06
3.759953666977116049e-05
9.740675931968723430e-06
-2.547281538629277608e-05
-1.573009016987791554e-05
1.427915653378549959e-05
1.664302689967930856e-05
-5.452161396067271582e-06
-1.445972591831165563e-05
-5.616647612743088940e-07
1.083469999929352010e-05
3.961718766609188007e-06
-6.963605948272857790e-06
-5.289899650668090628e-06
3.580758382658238724e-06
5.198615936673893353e-06
-1.032899925406938276e-06
-4.298074205251193450e-06
-6.147811037205442277e-07
3.074495216459447577e-06
1.471194432240941821e-06
-1.862843941085912883e-06
-1.728575193058975268e-06
8.556562184138054716e-07
2.153305314313975842e-06
