-3.132272466128612723e+04
-5.025574944706406677e+04
-7.658079279204377963e+04
-9.332810058653159649e+04
-1.146322684347811883e+05
-1.419935659461348841e+05
-1.774976642899489962e+05
-2.240819282189324731e+05
-2.859409305183546967e+05
-3.691537123927688226e+05
-4.826699341167733655e+05
-6.398862319029743085e+05
-8.612080849320587004e+05
-1.178279208565168083e+06
-1.641057817541038385e+06
-2.329753374079214409e+06
-3.374906801854018588e+06
-4.990278605756862089e+06
-7.522266498176676221e+06
-1.150542682667449117e+07
-1.764678417295626551e+07
-2.643021403022892773e+07
-3.649314984673035890e+07
-4.079102982901509851e+07
-2.385516006990037858e+07
2.671042675466746092e+07
9.274136780468623340e+07
1.244542119365195781e+08
9.274136780468590558e+07
2.671042675466666371e+07
-2.385516006989972666e+07
-4.079102982901408523e+07
-3.649314984673069417e+07
-2.643021403022951260e+07
-1.764678417295617238e+07
-1.150542682667420246e+07
-7.522266498176593333e+06
-4.990278605757242069e+06
-3.374906801854086109e+06
-2.329753374078974593e+06
-1.641057817541014869e+06
-1.178279208565241424e+06
-8.612080849320833804e+05
-6.398862319029566133e+05
-4.826699341167816310e+05
-3.691537123927205685e+05
-2.859409305183073739e+05
-2.240819282189527294e+05
-1.774976642900405568e+05
-1.419935659462843614e+05
-1.146322684346442984e+05
-9.332810058642859804e+04
-7.658079279217211297e+04
-5.025574944694324950e+04
-3.132272466097728829e+04
