1.000000000000000000e+00
9.288315623781925323e-01
7.825508710149632341e-01
6.309471056585321813e-01
4.788953598358215435e-01
3.307266522849052759e-01
1.901681475636322616e-01
6.030719977067824922e-02
-5.642248889279664198e-02
-1.582347304017970302e-01
-2.439671881968424882e-01
-3.130428566972313087e-01
-3.654194638918829008e-01
-4.015296002513856766e-01
-4.222143181341611595e-01
-4.286528162927708552e-01
-4.222906357202604877e-01
-4.047685579273646028e-01
-3.778541267703042772e-01
-3.433774217311232335e-01
-3.031724049958450795e-01
-2.590248567898273957e-01
-2.126276121467040037e-01
-1.655435253335586221e-01
-1.191763219712873162e-01
-7.474925859606869338e-02
-3.329129881274010133e-02
4.369663169874688294e-03
3.760714561842698478e-02
6.599071393724402490e-02
8.927570977475605962e-02
1.073889238360283688e-01
1.204110788607351962e-01
1.285569800710021082e-01
1.321541581531104903e-01
1.316207780547294648e-01
1.274435192441283615e-01
1.201560533037098200e-01
1.103186564487549093e-01
9.849940122984832125e-02
8.525727649788447660e-02
7.112749057379440243e-02
5.660912200186333371e-02
4.215519741675919502e-02
2.816519865590022195e-02
1.497993262839611255e-02
2.878638538619720643e-03
-7.921841593711455645e-03
-1.726604137593767962e-02
-2.505723757051797271e-02
-3.125346475547290809e-02
-3.586244377744886302e-02
-3.893569078178470838e-02
-4.056206620464626600e-02
-4.086100925686943219e-02
-3.997568424485875571e-02
-3.806624170919149092e-02
-3.530337095150555549e-02
-3.186229215592633474e-02
-2.791730701423991365e-02
-2.363699746540602262e-02
-1.918013368467474944e-02
-1.469232551302186544e-02
-1.030342668747014946e-02
-6.125678974590578231e-03
-2.252563955891503933e-03
1.241686022015268389e-03
4.301979236645912114e-03
6.891729621926009908e-03
8.991773420641228226e-03
1.059891915073969335e-02
1.172421357188499318e-02
1.239100489060216553e-02
1.263288087300520023e-02
1.249155418614588536e-02
1.201476051610017408e-02
1.125422716637326619e-02
1.026376126722407765e-02
9.097497749574787185e-03
7.808338155086773889e-03
6.446602434388542559e-03
5.058907360854909829e-03
3.687277252587411579e-03
2.368485506327509035e-03
1.133619121135195831e-03
7.853006286206976909e-06
-9.895835291079734062e-04
-1.845269106653100706e-03
-2.551304851369434919e-03
-3.104906112963785186e-03
-3.507896856006542056e-03
-3.766132064809352056e-03
-3.888872640777333353e-03
-3.888135812120282076e-03
-3.778042136442371409e-03
-3.574177865459426777e-03
-3.292988865437692595e-03
-2.951219549598045177e-03
-2.565407475198339896e-03
-2.151441474761920346e-03
-1.724188503987448759e-03
-1.297191862887769106e-03
-8.824411343834307917e-04
-4.902121266080016046e-04
-1.289733304504721615e-04
1.946460700253267164e-04
4.758327625500657692e-04
7.115174355485894345e-04
9.002620248445126041e-04
1.042113920199520859e-03
1.138435008235406639e-03
1.191713237159022516e-03
1.205364003082547890e-03
1.183528110667799891e-03
1.130872386157020203e-03
1.052398252143902290e-03
9.532627430640906946e-04
8.386155787581133945e-04
7.134550484025138683e-04
5.825046133589365221e-04
4.501113363703604939e-04
3.201665037215914943e-04
1.960481404427130323e-04
8.058453664952160047e-05
-2.396258759004594392e-05
-1.158970475106955647e-04
-1.940713587027451928e-04
-2.578563800401496788e-04
-3.070998330408740429e-04
-3.420761354266747259e-04
-3.634299527648870249e-04
-3.721157743966288099e-04
-3.693356684175816331e-04
-3.564771756809430553e-04
-3.350530750711757082e-04
-3.066445018211897051e-04
-2.728486370632384936e-04
-2.352319190309718735e-04
-1.952894623821494890e-04
-1.544111189813614346e-04
-1.138543770594268516e-04
-7.472408069761075542e-05
-3.795876167167104516e-05
-4.323213317237605752e-06
2.559319732999083878e-05
5.137308686080036278e-05
7.276316504095686104e-05
8.966262656684103704e-05
1.021085763030773276e-04
1.102592369891609641e-04
1.143756652934752873e-04
1.148026611915498648e-04
1.119495001341565775e-04
1.062710505804924442e-04
9.824976438451737991e-05
8.837894728794994516e-05
7.714763423765475751e-05
6.502731199418264492e-05
5.246065181456346048e-05
3.985233982596697149e-05
2.756202365735784630e-05
1.589933220889481780e-05
5.120872009241328968e-06
-4.570940999924408458e-06
-1.302739095639048876e-05
-2.015151606208012437e-05
-2.589492803886128713e-05
-3.025362754978583164e-05
-3.326304802101375018e-05
-3.499255547653803028e-05
-3.553962131877328584e-05
-3.502386942232142236e-05
-3.358117945196453476e-05
-3.135800596105211391e-05
-2.850604853314196027e-05
-2.517738290321765702e-05
-2.152013746583517688e-05
-1.767477458789976921e-05
-1.377101233520638753e-05
-9.925400129689083983e-06
-6.239541904382003922e-06
-2.798942832276956849e-06
3.275591148800931909e-07
3.087827559114912747e-06
5.445988074741608446e-06
7.381581017326902033e-06
8.888377204360635496e-06
9.972928281942199897e-06
1.065292287697854972e-05
1.095541698221347872e-05
1.091500274546446777e-05
1.057197424051343188e-05
9.970542193127061438e-06
9.157142322902738028e-06
8.178874226808376956e-06
7.082099839328134926e-06
5.911222696978430204e-06
4.707661721792115777e-06
3.509026197102107537e-06
2.348492183885559988e-06
1.254374927551977498e-06
2.498869107767102973e-07
-6.469328362536868979e-07
-1.423135734238686268e-06
-2.070646848019698417e-06
-2.585935656379785696e-06
-2.969596502940881795e-06
-3.225860850849406726e-06
-3.362062857309492933e-06
-3.388078641043200092e-06
-3.315758029840014628e-06
-3.158365641730937653e-06
-2.930045966107136102e-06
-2.645324760827080591e-06
-2.318656652795431928e-06
-1.964026399938034255e-06
-1.594608910454259402e-06
-1.222490879465752285e-06
-8.584548422131488556e-07
-5.118245948350092899e-07
-1.903693262038503308e-07
9.973754492337810768e-08
3.539099155825413310e-07
5.690968308323043372e-07
7.436930625400459734e-07
8.774192056503457089e-07
9.711781476987661230e-07
1.026894649509805661e-06
1.047344480992921355e-06
1.035979114120542481e-06
9.967514148510301710e-07
9.339471262502174756e-07
8.520262248324469349e-07
7.554774881131717338e-07
6.486888583400092494e-07
5.358354475711661354e-07
4.207863220138138337e-07
3.070305450086210836e-07
1.976223612254051092e-07
9.514487926879213536e-08
1.691162611184862013e-09
-8.113872675272911128e-08
-1.522264703492261655e-07
-2.109119609723793346e-07
-2.569595601018529439e-07
-2.905162606702125124e-07
-3.120638571135189504e-07
-3.223671532999726848e-07
-3.224201185821359421e-07
-3.133917418435668801e-07
-2.965731420945653295e-07
-2.733272808324593281e-07
-2.450423945396398514e-07
-2.130900332737890518e-07
-1.787883604884628124e-07
-1.433711463223307059e-07
-1.079626769817859246e-07
-7.355861089760269872e-08
-4.101264144644560200e-08
-1.102867859872686562e-08
1.584186064393513484e-08
3.919816012442758756e-08
5.878408944152230040e-08
7.447889177152958483e-08
8.628512462581129559e-08
9.431450666649927228e-08
9.877230806204292491e-08
9.994089006621400086e-08
9.816295428862340181e-08
9.382500629669776439e-08
8.734147453164070573e-08
7.913985671995464527e-08
6.964719454152629881e-08
5.927810558454742945e-08
4.842453163110894076e-08
3.744729584590382833e-08
2.666949995369628486e-08
1.637173715066994421e-08
6.789048156155189150e-09
-1.890492964216968527e-09
-9.525709501232517750e-09
-1.602094067831588470e-08
-2.132353681579632817e-08
-2.542042986966424461e-08
-2.833398145778864233e-08
-3.011730774426071878e-08
-3.084927251156828267e-08
-3.062932724216170775e-08
-2.957236091769874609e-08
-2.780370339116788830e-08
-2.545440543766846938e-08
-2.265689674443091884e-08
-1.954110089979199400e-08
-1.623106454968231115e-08
-1.284213688965127148e-08
-9.478716039949477316e-09
-6.232561005309737845e-09
-3.181652149596722498e-09
-3.895696254038146489e-10
2.094651890791740826e-09
4.236242458159884659e-09
6.014046673168431567e-09
7.419564502956080213e-09
8.455745429406847804e-09
9.135598014980547728e-09
9.480675104314108858e-09
9.519491500346001623e-09
9.285926363994120918e-09
8.817657050116285691e-09
8.154664873539671716e-09
7.337846650331102217e-09
6.407759017418466073e-09
5.403515712838129563e-09
4.361851388829670517e-09
3.316359292729596194e-09
2.296904419105509676e-09
1.329208614421360626e-09
4.345996772980398097e-10
-3.700872100194716671e-10
-1.072470339153759682e-09
-1.664461448957758328e-09
-2.142003122776892970e-09
-2.504722714309115393e-09
-2.755522074710456855e-09
-2.900121959890666322e-09
-2.946579116800357632e-09
-2.904792761256095832e-09
-2.786015550052801926e-09
-2.602382299035755738e-09
-2.366467686100196872e-09
-2.090882078864052595e-09
-1.787912509985655546e-09
-1.469213750359482450e-09
-1.145552455032018007e-09
-8.266055231251017971e-10
-5.208121567455530983e-10
-2.352776511837421548e-10
2.427428271034414335e-11
2.535048638334900098e-10
4.494242219400350973e-10
6.103215233722539189e-10
7.356670741173807112e-10
8.259923556319542052e-10
8.827538899604231673e-10
9.081866125174780156e-10
9.051520778260151671e-10
8.769863608494135791e-10
8.273519698626034693e-10
7.600974810570660312e-10
6.791279640626890192e-10
5.882886133642546558e-10
4.912633531142037431e-10
3.914895595502682742e-10
2.920894609011277107e-10
1.958182413024768807e-10
1.050284020423180106e-10
2.164952685892614551e-11
-5.281773813451022192e-11
-1.172949436091933244e-10
-1.711079821635834214e-10
-2.139598911213159101e-10
-2.458961453124971414e-10
-2.672642743217285275e-10
-2.786695889591523424e-10
-2.809287074257106634e-10
-2.750224405428676342e-10
-2.620494353939641596e-10
-2.431817955864572148e-10
-2.196237016008033517e-10
-1.925738533780655694e-10
-1.631923558310711304e-10
-1.325724720315048987e-10
-1.017174833104394878e-10
-7.152272444515136749e-11
-4.276270865499732209e-11
-1.608312360193427249e-11
8.002632529747877820e-12
2.911279580325673458e-11
4.699295095526517560e-11
6.150865065290478448e-11
7.263550076623165173e-11
8.044728008453449585e-11
8.510265332156481724e-11
8.683101203584458093e-11
8.591794159051588298e-11
8.269076592264513588e-11
7.750456811435077030e-11
7.072902591906225528e-11
6.273633972957236431e-11
5.389046803907311008e-11
4.453782408724314597e-11
3.499952870486317381e-11
2.556525971790206161e-11
1.648868872422846441e-11
7.984452424662589633e-12
2.265685276804681673e-13
-6.651824139142718688e-12
-1.255754520619223489e-11
-1.743543271403916472e-11
-2.126555447857363487e-11
-2.405974626161311113e-11
-2.585765106027565236e-11
-2.672242796585467752e-11
-2.673628910843283781e-11
-2.599600994151960177e-11
-2.460854228488677507e-11
-2.268684187321960497e-11
-2.034600336001987893e-11
-1.769977645827855878e-11
-1.485751775774568149e-11
-1.192161426760926217e-11
-8.985397339148295241e-12
-6.131549689799999000e-12
-3.430994059843491719e-12
-9.422397857717792913e-13
1.288846606643588293e-12
3.228888750947242640e-12
4.856513654036240279e-12
6.161582632055489930e-12
7.144193848498730879e-12
7.813510611120167666e-12
8.186468304579717552e-12
8.286410213843757884e-12
8.141698756322521507e-12
7.784344021037808733e-12
7.248686241614632781e-12
6.570163129414536240e-12
5.784187073065857193e-12
4.925151262735300364e-12
4.025577992336721283e-12
3.115416877548998942e-12
2.221495624185849173e-12
1.367121386729765126e-12
5.718267419509004807e-13
-1.487490857221740669e-13
-7.828558482051646710e-13
-1.322518932808887187e-12
-1.763332689242989565e-12
-2.104176899419288367e-12
-2.346873146979621762e-12
-2.495797621677796859e-12
-2.557466231850777535e-12
-2.540106865118063367e-12
-2.453232304603307924e-12
-2.307225747128242600e-12
-2.112949150960658516e-12
-1.881382830223025811e-12
-1.623302872406267352e-12
-1.349001139855808625e-12
-1.068050873824129618e-12
-7.891192913966250830e-13
-5.198270841144292723e-13
-2.666534173659218417e-13
-3.488390885963288177e-14
1.714018573070724699e-13
3.493074440847729706e-13
4.970659857782552886e-13
6.139609356148951447e-13
7.002262993389493247e-13
7.569315054782551781e-13
7.858559072181501879e-13
7.893576322919484123e-13
7.702411178220413816e-13
7.316272088281971515e-13
6.768291840513759741e-13
6.092375218091075924e-13
5.322156514063172458e-13
4.490083699957052144e-13
3.626640564562030511e-13
2.759712962935006888e-13
1.914100558215447739e-13
1.111171185713678127e-13
3.686512820676346452e-14
-2.994572588471679570e-14
-8.828458995653465779e-14
-1.374767875385254668e-13
-1.771821381479686111e-13
-2.073663365767406832e-13
-2.282669907628625185e-13
-2.403558841260102495e-13
-2.442989557111173596e-13
-2.409153851981805790e-13
-2.311370366442028146e-13
-2.159693615479511356e-13
-1.964546950761078159e-13
-1.736387052932602203e-13
-1.485405797236862968e-13
-1.221273616523512594e-13
-9.529268467540055565e-14
-6.884000183402953431e-14
-4.347026815425545708e-14
-1.977391476528815375e-14
1.773149548686765020e-15
2.080985670773452784e-14
3.708702887279096117e-14
5.046161547269312199e-14
6.088860109335229677e-14
6.841107796408815222e-14
7.314897205867980805e-14
7.528689388525853202e-14
7.506155588526233492e-14
7.274916009786525619e-14
6.865311448992027043e-14
6.309238617490095020e-14
5.639074662163271618e-14
4.886710971659498666e-14
4.082710984605449889e-14
3.255601545606545532e-14
2.431302505784856241e-14
1.632694837057000276e-14
8.793235998134164896e-15
1.872287258534862445e-15
-4.311062155539792956e-15
-9.666992988107282855e-15
-1.413923209216502522e-14
-1.770280576153399623e-14
-2.036116861006025688e-14
-2.214286011872710689e-14
-2.309783689559397085e-14
-2.329362091613881210e-14
-2.281139317420454295e-14
-2.174214893071975382e-14
-2.018301574619658634e-14
-1.823381934669817245e-14
-1.599396568531079367e-14
-1.355969085485140927e-14
-1.102171425493029921e-14
-8.463315023263210444e-15
-5.958837542414097445e-15
-3.572619092198789069e-15
-1.358321626987377135e-15
6.413596601568144003e-16
2.394645808417266493e-15
3.880322066296049887e-15
5.087128710770465978e-15
6.012941220134031431e-15
6.663786930119625942e-15
7.052744523783346404e-15
7.198770710822930916e-15
7.125495436468926407e-15
6.860023125303436158e-15
6.431773012775358048e-15
5.871386742677335472e-15
5.209726297835996200e-15
4.476980154577512525e-15
3.701890462398301831e-15
2.911109181935466913e-15
2.128686578613588505e-15
1.375691355926992844e-15
6.699580887673324506e-16
2.595452957287329285e-17
-5.452411659237173161e-16
-1.035865203971220346e-15
-1.441308218355595057e-15
-1.759884809791374329e-15
-1.992547099364867313e-15
-2.142556751764082749e-15
-2.215129442309281306e-15
-2.217064921745312233e-15
-2.156374736099647951e-15
-2.041918348100807271e-15
-1.883056943027336193e-15
-1.689332644083903026e-15
-1.470179265065296475e-15
-1.234669140645620884e-15
-9.912990406840782178e-16
-7.478167315231512610e-16
-5.110884246733687656e-16
-2.870061749533544594e-16
-8.043327278189627413e-17
1.048151708437117003e-16
2.659599188335618678e-16
4.012175504753733372e-16
5.097369483917976226e-16
5.915167960856229632e-16
6.473085766948400655e-16
6.785094589008851826e-16
6.870492397558043898e-16
6.752752053328907974e-16
6.458383878391793774e-16
6.015842612970597214e-16
5.454504455911715115e-16
4.803734979668838906e-16
4.092063778675311425e-16
3.346476894788821802e-16
2.591833487315880767e-16
1.850408979419386948e-16
1.141563097891609624e-16
4.815278886123409667e-17
-1.166920254519905419e-17
-6.433169531405552775e-17
-1.091699154944573227e-16
-1.458152323853857250e-16
-1.741717181012675530e-16
-1.943877079079617422e-16
-2.068237326913582000e-16
-2.120181404410604462e-16
-2.106516383058704545e-16
-2.035118765298474299e-16
-1.914590663574341330e-16
-1.753934816065194892e-16
-1.562255435611936761e-16
-1.348490362293963466e-16
-1.121178484321067093e-16
-8.882649464725631843e-17
-6.569453140236956721e-17
-4.335486302364028305e-17
-2.234582178095030427e-17
-3.106814356033590221e-18
1.402275006201034853e-17
2.880159460974384517e-17
4.108216039322546715e-17
5.080405828586567806e-17
5.798581485804557289e-17
6.271533956141281159e-17
6.513952751122424152e-17
6.545338922721028888e-17
6.388906731899682336e-17
6.070506217777830598e-17
5.617594607692015594e-17
5.058279943183235794e-17
4.420455595073368553e-17
3.731039650222263796e-17
3.015328604022634284e-17
2.296470498012528568e-17
1.595058693046136643e-17
9.288439369517575068e-18
3.125593232454121055e-18
-2.421498231077504745e-18
-7.267011409129062844e-18
-1.135467045885887300e-17
-1.465595728251290156e-17
-1.716774459641639385e-17
-1.890948459266271274e-17
-1.992008307204751374e-17
-2.025458294920900022e-17
-1.998077224841946873e-17
-1.917582068855994853e-17
-1.792303626415272750e-17
-1.630881941403044348e-17
-1.441987794750617529e-17
-1.234075134492809102e-17
-1.015167878986901517e-17
-7.926831691818729869e-18
-5.732918828322106813e-18
-3.628160819001368306e-18
-1.661620623568848802e-18
1.271317456127393487e-19
1.708049022716794594e-18
3.060365044157288863e-18
4.172119458456042546e-18
5.039488848356768998e-18
5.665965198050327898e-18
6.061422261115159819e-18
6.241108909065107718e-18
6.224606133186861918e-18
6.034781207782104872e-18
5.696768776560585216e-18
5.237004467628432604e-18
4.682332240103985856e-18
4.059202168875290167e-18
3.392970920704928503e-18
2.707312885204197289e-18
2.023745900200222485e-18
1.361271835630455244e-18
7.361290369691156154e-19
1.616508230819807787e-19
-3.517780888665152876e-19
-7.966771871632364455e-19
-1.168349092995910255e-18
-1.464693975104742595e-18
-1.685972042066473190e-18
-1.834526726427946162e-18
-1.914480840915681472e-18
-1.931417345445254710e-18
-1.892055467798826394e-18
-1.803931824898844299e-18
-1.675094949278027189e-18
-1.513820288301233736e-18
-1.328351360405376497e-18
-1.126671367285216963e-18
-9.163082128031105057e-19
-7.041746021422643912e-19
-4.964437162055974236e-19
-2.984598983866974426e-19
-1.146828696058431445e-19
5.133678676051385241e-20
1.969537507125353276e-19
3.203990530223456523e-19
4.207297971321627062e-19
4.977613704682942969e-19
5.519860527723000248e-19
5.844818657312579353e-19
5.968153438956518662e-19
5.909416577576151704e-19
5.691052026221253496e-19
5.337433982491343110e-19
4.873960404224596304e-19
4.326221219928225041e-19
3.719256117329926472e-19
3.076912572510647011e-19
2.421310743019241123e-19
1.772418084111016720e-19
1.147733132338515430e-19
5.620748914088756429e-20
2.747168988865642989e-21
-4.468587195126007394e-20
-8.544476777530699353e-20
-1.191443777997756229e-19
-1.456422410168787494e-19
-1.650148745437935843e-19
-1.775306148701722058e-19
-1.836201611287210159e-19
-1.838459119245490715e-19
-1.788710965751393139e-19
-1.694295931130144991e-19
-1.562972041753981051e-19
-1.402650328150231814e-19
-1.221154678454467662e-19
-1.026011566901009450e-19
-8.242721645360943022e-20
-6.223681415698631647e-20
-4.260013729290441257e-20
-2.400667801250267933e-20
-6.860669742301105703e-21
8.520555295666742937e-21
2.190557496531931417e-20
3.314558112612367245e-20
4.216913455077456215e-20
4.897534104083151923e-20
5.362582109756467010e-20
5.623583694430271983e-20
5.696492287332190279e-20
5.600733936387464540e-20
5.358263978678212500e-20
4.992660236232476982e-20
4.528274090529945083e-20
3.989456721647308440e-20
3.399873708405324070e-20
2.781917191857445523e-20
2.156221007496516281e-20
1.541280676012640204e-20
9.531769751425906904e-21
4.053990454783919551e-21
-9.123935637688380987e-22
-5.285987364948622387e-21
-9.011375967597466954e-21
-1.205771750002168901e-20
-1.441680532903685997e-20
-1.610071434990941019e-20
-1.713914517250612744e-20
-1.757657545502890114e-20
-1.746932058963999248e-20
-1.688259682514766609e-20
-1.588766921398709200e-20
-1.455915497537778247e-20
-1.297254043113609799e-20
-1.120195701824820664e-20
-9.318249393866633198e-21
-7.387356656715350403e-21
-5.469016494749953821e-21
-3.615791859193979417e-21
-1.872410732456983496e-21
-2.754018217360257494e-22
1.146997359000317938e-21
2.374688535276627074e-21
3.395348971312301994e-21
4.203890438679316009e-21
4.801776332328885037e-21
5.196232353487168878e-21
5.399385130195805805e-21
5.427361249867518783e-21
5.299376584297181615e-21
5.036842648774248285e-21
4.662513203866859108e-21
4.199690525546401274e-21
3.671506871602454460e-21
3.100292782590562640e-21
2.507040082421850019e-21
1.910963880041584678e-21
1.329164595836982888e-21
7.763881040901553752e-22
2.648795390269842085e-22
-1.956758159486869876e-22
-5.981328360026444658e-22
-9.377976123608102450e-22
-1.212279670692009984e-21
-1.421296228860272221e-21
-1.566439480285062412e-21
-1.650917675367046051e-21
-1.679280280852012150e-21
-1.657136771321876985e-21
-1.590877695248488274e-21
-1.487405607148206903e-21
-1.353882312801164169e-21
-1.197497679147637734e-21
-1.025264053806036466e-21
-8.438391564270980291e-22
-6.593791758489860828e-22
-4.774227588055061604e-22
-3.028056281179579964e-22
-1.396047360817123414e-22
8.889847621385130463e-24
1.401776891918060729e-22
2.525282033760412504e-22
3.449414563862374966e-22
4.170928787605400073e-22
4.692652816700855799e-22
5.022715400499117126e-22
5.173711845747124029e-22
5.161839457459739837e-22
5.006030316371317732e-22
4.727106107187355119e-22
4.346976269064849614e-22
3.887897091371152235e-22
3.371805649963081559e-22
2.819738785953142030e-22
2.251343770258201765e-22
1.684483957915201319e-22
1.134939685138870083e-22
6.162019523853711561e-23
1.393541055277809611e-23
-2.869652029483058988e-23
-6.565260114990809243e-23
-9.654073597453581521e-23
-1.211843989795045971e-22
-1.396029875199628275e-22
-1.519889037524701956e-22
-1.586823836866960581e-22
-1.601450393527027302e-22
-1.569330057522367610e-22
-1.496704935673883895e-22
-1.390244457163954966e-22
-1.256808850615987748e-22
-1.103234259084542326e-22
-9.361430705952853254e-23
-7.617819235904697036e-23
-5.858887868237447276e-23
-4.135895350694864660e-23
-2.493235636607099128e-23
-9.679721968576231551e-24
4.103681573221729325e-24
1.619765770787067761e-23
2.645470702846016933e-23
3.479587775265950692e-23
4.120516059554629027e-23
4.572275202003668039e-23
4.843750470640579959e-23
4.947887055171208895e-23
4.900862093055519646e-23
4.721260270495179938e-23
4.429275794815397385e-23
4.045960189318135986e-23
3.592531850805713034e-23
3.089759751297615587e-23
2.557430164656215226e-23
2.013901947831203615e-23
1.475752782395526485e-23
9.575159470552769842e-24
4.715046926298928251e-24
2.771915960845490170e-25
-3.661709671753455544e-24
-7.047762269035209556e-24
-9.848787046409371359e-24
-1.205274639687430277e-23
-1.366578313155281658e-23
-1.470997156334684822e-23
-1.522087696248384190e-23
-1.524501396088630778e-23
-1.483728698370442659e-23
-1.405848680556150172e-23
-1.297290728814540068e-23
-1.164613565838060566e-23
-1.014305870863707377e-23
-8.526116383292935546e-24
-6.853823659742647875e-24
-5.179571692696195147e-24
-3.550710077549854632e-24
-2.007903963893457775e-24
-5.847527297699465039e-25
6.923489174536211730e-25
1.804131186525816613e-24
2.738178006882485070e-24
3.488493886335514079e-24
4.054939506339853184e-24
4.442566930164729687e-24
4.660884599285045963e-24
4.723080823892337557e-24
4.645232363803719245e-24
4.445522078684088283e-24
4.143486633088203538e-24
3.759311999549792226e-24
3.313191131443371944e-24
2.824754786337529954e-24
2.312583167686535249e-24
1.793802902276018650e-24
1.283770953022982834e-24
7.958444370746121861e-25
3.412330187475488938e-25
-7.107139711165958392e-26
-4.342945192825403167e-25
-7.438171208841295345e-25
-9.970589730597725607e-25
-1.193318639680556950e-24
-1.333578682640300731e-24
-1.420285710455263527e-24
-1.457114333862106784e-24
-1.448723510105417082e-24
-1.400513003326425918e-24
-1.318386802806072226e-24
-1.208529363713460139e-24
-1.077199504412491672e-24
-9.305457453905035181e-25
-7.744458391342630252e-25
-6.143722454237015717e-25
-4.552843758713717777e-25
-3.015475839805341896e-25
-1.568781268872890408e-25
-2.431268227822263718e-26
9.379952543844976678e-26
1.957843498185389342e-25
2.806127584958717468e-25
3.478561325605420192e-25
3.976297701881543717e-25
4.305275316972989617e-25
4.475504771633270441e-25
4.500321912427725032e-25
4.395632754068546599e-25
4.179172280057867447e-25
3.869796399739005263e-25
3.486823205213888607e-25
3.049436440525566630e-25
2.576160869924263753e-25
2.084416102120970177e-25
1.590152470387168492e-25
1.107569847617379175e-25
6.489178406854185114e-26
2.243736954543336819e-26
-1.580075246414840613e-26
-4.922773369769615397e-26
-7.745207248467137371e-26
-1.002734134708669108e-25
-1.176663602103161131e-25
-1.297612115469219011e-25
-1.368225152778400821e-25
-1.392262920009007435e-25
-1.374367220869369450e-25
-1.319830132841784714e-25
-1.234370794454486002e-25
-1.123925660428234771e-25
-9.944565905846921806e-26
-8.517801378886398013e-26
-7.014204200103618732e-26
-5.484870227023762084e-26
-3.975785133260220572e-26
-2.527113559654577094e-26
-1.172733283900472633e-26
6.000045794969757712e-28
1.150280145266342321e-26
2.083683970760768524e-26
2.851852595990509510e-26
3.452032175128789804e-26
3.886511780457347949e-26
4.161983122810780695e-26
4.288849462287781421e-26
4.280508963542750742e-26
4.152635585514766288e-26
3.922478028236523183e-26
3.608194407630122305e-26
3.228237305713704006e-26
2.800800753135236315e-26
2.343337638021914985e-26
1.872153082897993167e-26
1.402076560313579748e-26
9.462129851457480203e-27
5.157707713821018338e-27
1.199629046111880564e-27
-2.340245228524417838e-27
-5.410031320710053350e-27
-7.977001791511716381e-27
-1.002631929209300259e-26
-1.155941133710647317e-26
-1.259207284791534968e-26
-1.315238095996165205e-26
-1.327850222453356886e-26
-1.301646621397081342e-26
-1.241797203393165430e-26
-1.153828572610405979e-26
-1.043427736533301845e-26
-9.162637150156290517e-27
-7.778300260050854552e-27
-6.333100976631965824e-27
-4.874667772288585406e-27
-3.445562950719619112e-27
-2.082663131020576703e-27
-8.167705112979254024e-28
3.275604988528399408e-28
1.332000990005259530e-27
2.184252577901333368e-27
2.571162154764775760e-27
